Cas [sec]	M sklopke [Ncm]	M zavore [Ncm]	n motorja [1/min]	n sklopke [1/min]
0.019	20.551	18.137	0.000	0.000
0.082	66.653	59.939	0.000	0.000
0.178	98.201	91.892	0.000	0.000
0.280	103.255	99.520	0.000	0.000
0.381	100.570	97.893	0.000	0.000
0.481	99.339	95.592	0.000	0.000
0.581	100.361	93.454	0.000	0.000
0.681	101.556	93.345	0.000	0.000
0.781	101.076	94.301	0.000	0.000
0.881	99.114	95.029	0.000	0.000
0.981	97.709	94.846	0.000	0.000
1.081	98.096	95.893	0.000	0.000
1.181	99.767	96.097	0.000	0.000
1.281	100.352	95.110	0.000	0.000
1.381	100.726	94.194	0.000	0.000
1.481	100.403	94.036	0.000	0.000
1.581	100.257	97.046	0.000	0.000
1.681	100.071	97.071	156.866	1.705
1.781	577.300	281.523	638.568	9.672
1.881	2585.445	867.522	1173.129	28.120
1.981	5480.246	1554.532	1422.515	53.495
2.081	7167.634	1925.531	1455.905	75.087
2.181	7479.868	2024.579	1443.671	86.771
2.281	7441.535	2044.896	1435.159	91.485
2.381	7408.680	2080.610	1432.321	95.931
2.481	7405.800	2180.982	1432.750	103.233
2.581	7397.670	2322.161	1434.307	112.667
2.681	7368.297	2397.527	1435.930	123.115
2.781	7338.354	2309.580	1436.329	133.132
2.881	7344.971	2081.800	1435.171	141.768
2.981	7399.017	1879.135	1434.172	149.978
3.081	7465.263	1892.168	1433.945	159.882
3.181	7469.517	2096.595	1433.965	171.539
3.281	7381.842	2199.597	1434.562	183.056
3.381	7326.843	2048.361	1435.331	191.516
3.481	7396.529	1921.675	1434.397	198.953
3.581	7456.347	2021.951	1432.301	210.317
3.681	7433.045	2079.416	1431.681	221.975
3.781	7434.749	1971.839	1432.810	229.941
3.881	7447.967	1968.961	1433.253	236.061
3.981	7423.702	2022.186	1432.725	242.480
4.081	7408.360	1976.323	1433.072	250.883
4.181	7385.518	1974.723	1433.809	263.909
4.281	7340.573	1972.496	1434.025	280.015
4.381	7336.759	1949.885	1434.027	293.307
4.481	7379.679	1939.349	1434.007	303.643
4.581	7416.886	1898.436	1433.431	314.954
4.681	7423.323	1874.640	1432.670	323.471
4.781	7419.997	1858.740	1433.036	326.969
4.881	7429.365	1841.559	1433.234	336.424
4.981	7408.324	1824.921	1433.265	354.068
5.081	7392.314	1809.995	1434.393	370.500
5.181	7414.247	1793.181	1434.204	381.183
5.281	7440.186	1794.654	1432.895	386.624
5.381	7475.997	1782.966	1433.037	391.982
5.481	7478.719	1780.716	1433.212	405.775
5.581	7431.594	1791.977	1432.689	426.414
5.681	7405.197	1757.660	1433.064	442.305
5.781	7423.494	1754.150	1433.241	450.810
5.881	7441.456	1751.225	1432.697	457.839
5.981	7452.512	1699.757	1432.495	473.039
6.081	7443.853	1693.266	1431.911	490.014
6.181	7429.293	1718.897	1432.301	494.866
6.281	7440.413	1688.288	1434.763	496.005
6.381	7448.621	1645.283	1435.560	502.174
6.481	7450.047	1655.287	1433.318	518.932
6.581	7422.335	1688.833	1431.913	541.065
6.681	7410.391	1689.521	1432.222	551.492
6.781	7466.016	1647.991	1431.894	553.454
6.881	7506.573	1601.170	1431.185	561.635
6.981	7463.842	1581.289	1431.545	577.859
7.081	7418.486	1587.951	1432.872	592.228
7.181	7472.101	1600.274	1433.287	600.076
7.281	7536.938	1604.423	1433.867	611.576
7.381	7511.053	1600.988	1435.161	632.902
7.481	7469.282	1595.773	1434.406	648.111
7.581	7512.488	1586.532	1432.889	653.476
7.681	7539.649	1572.057	1431.879	662.917
7.781	7492.625	1556.815	1431.115	674.123
7.881	7468.895	1543.392	1430.954	680.987
7.981	7479.663	1533.859	1431.542	693.028
8.081	7477.128	1532.376	1433.461	711.790
8.181	7464.728	1539.870	1435.192	720.394
8.281	7510.520	1550.695	1434.456	728.316
8.381	7526.732	1554.145	1432.334	747.788
8.481	7470.076	1540.397	1431.118	757.599
8.581	7501.808	1511.878	1431.479	763.020
8.681	7526.070	1484.395	1432.856	780.390
8.781	7466.146	1479.467	1433.288	797.120
8.881	7502.618	1498.929	1432.733	807.930
8.981	7538.517	1509.987	1433.071	822.480
9.081	7481.179	1493.099	1433.808	842.847
9.181	7504.431	1480.298	1433.456	856.300
9.281	7553.231	1483.095	1432.698	857.753
9.381	7533.101	1471.693	1433.043	863.196
9.481	7513.979	1456.216	1433.802	880.246
9.581	7487.715	1458.755	1433.457	890.613
9.681	7494.588	1456.789	1432.698	893.045
9.781	7506.926	1449.644	1432.475	905.940
9.881	7457.998	1447.357	1431.904	920.873
9.981	7464.985	1446.880	1431.732	930.370
10.081	7507.460	1450.140	1432.866	943.512
10.181	7528.310	1449.438	1433.835	958.983
10.281	7526.383	1442.259	1432.917	972.617
10.381	7493.786	1432.201	1431.376	984.835
10.481	7485.171	1421.401	1431.510	1000.729
10.581	7480.799	1412.088	1431.705	1014.028
10.681	7516.648	1407.843	1432.895	1019.840
10.781	7552.748	1406.631	1435.552	1026.207
10.881	7544.838	1411.909	1435.201	1035.760
10.981	7542.429	1416.566	1433.120	1045.202
11.081	7534.460	1413.198	1432.449	1057.140
11.181	7523.794	1405.991	1431.854	1072.776
11.281	7507.586	1391.690	1430.581	1085.446
11.381	7497.286	1380.970	1429.639	1101.300
11.481	7490.645	1384.953	1430.011	1119.088
11.581	7489.616	1391.046	1431.365	1130.972
11.681	7492.604	1390.030	1432.924	1139.531
11.781	7494.109	1387.075	1433.890	1149.808
11.881	7495.847	1387.070	1433.499	1162.693
11.981	7490.956	1386.568	1432.704	1173.455
12.081	7482.954	1383.647	1432.473	1183.245
12.181	7475.437	1379.786	1433.039	1199.162
12.281	7474.056	1374.437	1434.391	1216.114
12.381	7472.013	1369.403	1435.362	1229.981
12.481	7475.553	1367.653	1434.992	1243.840
12.581	7474.199	1369.288	1434.205	1254.585
12.681	7459.135	1370.516	1434.542	1267.685
12.781	7441.977	1370.887	1434.164	1284.725
12.881	7411.228	1370.725	1432.866	1297.191
12.981	7384.273	1369.568	1433.032	1303.177
13.081	7370.139	1364.980	1433.213	1305.138
13.181	7385.418	1361.403	1432.122	1309.770
13.281	7406.057	1360.972	1431.166	1320.812
13.381	7417.863	1362.687	1430.948	1331.495
13.481	7410.042	1366.286	1432.103	1344.278
13.581	7367.618	1368.239	1434.221	1360.649
13.681	7344.170	1368.777	1434.827	1372.350
13.781	7331.735	1368.490	1434.259	1382.120
13.881	7348.375	1368.004	1434.576	1395.667
13.981	7352.802	1368.877	1435.307	1409.544
14.081	7306.931	1369.838	1434.387	1418.620
14.181	7278.997	1371.370	1433.437	1422.059
14.281	7264.813	1373.145	1434.908	1422.915
14.381	7247.098	1367.870	1436.636	1426.851
14.481	7173.345	1360.408	1437.079	1435.491
14.581	7030.294	1355.975	1440.472	1441.449
14.681	6905.058	1353.005	1446.126	1441.495
14.781	6768.865	1351.416	1448.282	1440.935
14.881	6576.757	1351.333	1449.035	1440.741
14.981	6369.230	1351.740	1449.650	1440.729
15.081	6138.357	1350.369	1450.922	1445.859
15.181	5869.620	1346.160	1454.704	1453.282
15.281	5543.142	1343.855	1458.704	1458.144
15.381	5116.362	1343.986	1463.104	1464.757
15.481	4639.782	1341.839	1468.187	1469.938
15.581	4159.280	1339.695	1476.304	1471.054
15.681	3683.501	1336.930	1487.089	1474.342
15.781	3285.617	1336.537	1490.527	1481.031
15.881	2952.643	1338.131	1487.808	1484.686
15.981	2641.322	1335.677	1487.691	1484.709
16.081	2408.100	1330.817	1487.345	1487.774
16.181	2227.608	1324.185	1484.966	1491.652
16.281	2046.876	1317.523	1483.625	1492.670
16.381	1918.463	1313.997	1483.969	1493.208
16.481	1825.209	1308.168	1484.784	1494.997
16.581	1712.927	1301.930	1485.595	1494.415
16.681	1633.301	1301.053	1487.496	1491.202
16.781	1584.719	1302.819	1489.198	1491.875
16.881	1515.313	1302.323	1489.592	1495.255
16.981	1469.594	1300.749	1488.424	1496.336
17.081	1452.782	1300.544	1487.421	1494.102
17.181	1411.021	1300.178	1489.468	1490.967
17.281	1386.310	1299.175	1491.964	1489.552
17.381	1389.891	1299.601	1492.611	1491.649
17.481	1363.566	1302.088	1492.021	1495.339
17.581	1344.472	1302.946	1490.622	1492.976
17.681	1356.437	1300.750	1489.636	1486.135
17.781	1339.654	1296.442	1490.574	1485.182
17.881	1321.691	1292.835	1492.124	1488.930
17.981	1336.599	1290.795	1491.991	1490.293
18.081	1325.251	1289.441	1492.364	1491.529
18.181	1305.084	1290.471	1494.208	1494.089
18.281	1320.853	1294.826	1493.092	1494.269
18.381	1316.580	1296.426	1489.694	1492.946
18.481	1297.323	1293.066	1489.218	1494.753
18.581	1315.187	1287.281	1489.386	1496.062
18.681	1317.768	1281.434	1490.057	1492.353
18.781	1298.442	1277.990	1493.678	1490.401
18.881	1311.689	1277.782	1494.272	1491.234
18.981	1312.713	1280.796	1491.282	1491.706
19.081	1287.409	1286.834	1489.642	1492.353
19.181	1296.759	1288.983	1489.944	1489.685
19.281	1303.105	1283.961	1493.047	1488.150
19.381	1279.196	1277.278	1496.343	1491.298
19.481	1287.044	1270.390	1496.591	1493.650
19.581	1300.438	1266.568	1494.083	1495.848
19.681	1279.569	1266.107	1489.799	1498.070
19.781	1279.792	1266.657	1487.453	1496.337
19.881	1288.006	1270.482	1489.346	1492.125
19.981	1267.690	1276.498	1493.056	1492.570
20.081	1275.059	1276.538	1494.130	1497.675
20.181	1294.963	1270.243	1490.157	1498.794
20.281	1274.661	1261.648	1486.433	1496.406
20.381	1272.313	1258.109	1487.260	1496.057
20.481	1294.930	1260.492	1493.016	1493.328
20.581	1282.776	1265.067	1499.434	1490.163
20.681	1277.200	1271.553	1499.347	1491.060
20.781	1294.005	1271.680	1496.992	1491.101
20.881	1278.003	1261.663	1494.497	1490.460
20.981	1266.070	1250.788	1491.037	1488.534
21.081	1281.991	1247.622	1490.674	1487.375
21.181	1266.979	1249.622	1492.023	1490.010
21.281	1252.996	1253.301	1491.947	1491.015
